Sum:	855078
min	count	ratio%	cumulative%
0	38	0.004	0.004
5	6233	0.729	0.733
10	16726	1.956	2.689
15	25502	2.982	5.672
20	29162	3.41	9.082
25	30739	3.595	12.677
30	32720	3.827	16.504
35	34120	3.99	20.494
40	34376	4.02	24.514
45	33960	3.972	28.486
50	31947	3.736	32.222
55	31429	3.676	35.898
60	31816	3.721	39.618
65	31235	3.653	43.271
70	30776	3.599	46.87
75	28567	3.341	50.211
80	26476	3.096	53.308
85	24047	2.812	56.12
90	23437	2.741	58.861
95	22929	2.682	61.542
100	22860	2.673	64.216
105	22637	2.647	66.863
110	22437	2.624	69.487
115	21817	2.551	72.039
120	21823	2.552	74.591
125	20075	2.348	76.938
130	17866	2.089	79.028
135	16717	1.955	80.983
140	15956	1.866	82.849
145	16483	1.928	84.777
150	15947	1.865	86.642
155	13167	1.54	88.181
160	11593	1.356	89.537
165	11144	1.303	90.84
170	9969	1.166	92.006
175	8998	1.052	93.059
180	8241	0.964	94.022
185	7164	0.838	94.86
190	6092	0.712	95.573
195	5699	0.666	96.239
200	5746	0.672	96.911
205	4878	0.57	97.482
210	3858	0.451	97.933
215	3538	0.414	98.347
220	2955	0.346	98.692
225	2737	0.32	99.012
230	1909	0.223	99.236
235	1316	0.154	99.389
240	1057	0.124	99.513
245	953	0.111	99.624
250	660	0.077	99.702
255	541	0.063	99.765
260	373	0.044	99.809
265	239	0.028	99.837
270	122	0.014	99.851
275	78	0.009	99.86
280	78	0.009	99.869
285	51	0.006	99.875
290	105	0.012	99.887
295	115	0.013	99.901
300	54	0.006	99.907
305	58	0.007	99.914
310	53	0.006	99.92
315	22	0.003	99.923
320	38	0.004	99.927
325	32	0.004	99.931
330	24	0.003	99.934
335	28	0.003	99.937
340	51	0.006	99.943
345	33	0.004	99.947
350	21	0.002	99.949
355	31	0.004	99.953
360	34	0.004	99.957
365	18	0.002	99.959
370	14	0.002	99.96
375	8	0.001	99.961
380	22	0.003	99.964
385	53	0.006	99.97
390	32	0.004	99.974
395	13	0.002	99.975
400	10	0.001	99.977
405	2	0.0	99.977
410	19	0.002	99.979
415	43	0.005	99.984
420	36	0.004	99.988
425	11	0.001	99.99
430	7	0.001	99.99
435	12	0.001	99.992
440	4	0.0	99.992
445	3	0.0	99.993
450	26	0.003	99.996
455	15	0.002	99.997
460	7	0.001	99.998
465	11	0.001	100.0
470	4	0.0	100.0
